# Enter CD Alpha curve in the following format
# MACH NUMBER : 		0		0.1	 	0.2	 	0.5	 	1.0
# Alpha[rad]: 	-0.30	#		 #	 	 #		 #		 #
#				-0.20	#   	 #   	 #       #       #
#				-0.10	#   	 #   	 #       #       #
#				-0.00	#   	 #   	 #       #       #
#				 0.10	#   	 #   	 #       #       #
#				 0.20	#   	 #   	 #       #       #
# Table will be read given size. Then 2D Interpolation will be used.

# Enter Mach Number Breakpoint Number
6
# Enter breakpoints
0.0
0.1
0.25
0.5
0.63
0.75
# Enter alpha breakpoint Number
147
# Enter alpha breakpoints
-0.3229
-0.3185
-0.3142
-0.3098
-0.3054
-0.3011
-0.2967
-0.2923
-0.2880
-0.2836
-0.2793
-0.2749
-0.2705
-0.2662
-0.2618
-0.2574
-0.2531
-0.2487
-0.2443
-0.2400
-0.2356
-0.2313
-0.2269
-0.2225
-0.2182
-0.2138
-0.2094
-0.2051
-0.2007
-0.1963
-0.1920
-0.1876
-0.1833
-0.1789
-0.1745
-0.1702
-0.1658
-0.1614
-0.1571
-0.1527
-0.1484
-0.1440
-0.1396
-0.1353
-0.1309
-0.1265
-0.1222
-0.1178
-0.1134
-0.1091
-0.1047
-0.1004
-0.0960
-0.0873
-0.0829
-0.0785
-0.0742
-0.0698
-0.0654
-0.0611
-0.0567
-0.0524
-0.0480
-0.0436
-0.0393
-0.0349
-0.0305
-0.0262
-0.0218
-0.0175
-0.0131
-0.0087
-0.0044
      0
 0.0044
 0.0087
 0.0131
 0.0175
 0.0218
 0.0262
 0.0305
 0.0349
 0.0393
 0.0436
 0.0480
 0.0524
 0.0567
 0.0611
 0.0654
 0.0698
 0.0742
 0.0785
 0.0829
 0.0873
 0.0960
 0.1004
 0.1047
 0.1091
 0.1134
 0.1178
 0.1222
 0.1265
 0.1309
 0.1353
 0.1396
 0.1440
 0.1484
 0.1527
 0.1571
 0.1614
 0.1658
 0.1702
 0.1745
 0.1789
 0.1833
 0.1876
 0.1920
 0.1963
 0.2007
 0.2051
 0.2094
 0.2138
 0.2182
 0.2225
 0.2269
 0.2313
 0.2356
 0.2400
 0.2443
 0.2487
 0.2531
 0.2574
 0.2618
 0.2662
 0.2705
 0.2749
 0.2793
 0.2836
 0.2880
 0.2923
 0.2967
 0.3011
 0.3054
 0.3098
 0.3142
 0.3185
 0.3229
# Enter First Column : Repeat for all mach number breakpoints 
# [Note that this will be the array for MachBreakpoint1 and all alphas array]
# To increase readability seperate each vector with comment line starting with '#'
# Column 1
0.10236
0.09505
0.08782
0.08088
0.07429
0.06814
0.06256
0.05745
0.05263
0.04704
0.04234
0.03865
0.03577
0.03348
0.03160
0.02997
0.02849
0.02718
0.02602
0.02502
0.02416
0.02343
0.02207
0.02117
0.02049
0.01988
0.01931
0.01881
0.01839
0.01745
0.01690
0.01645
0.01602
0.01566
0.01499
0.01456
0.01423
0.01395
0.01341
0.01307
0.01279
0.01240
0.01209
0.01187
0.01149
0.01124
0.01095
0.01069
0.01034
0.01003
0.00973
0.00942
0.00911
0.00847
0.00816
0.00786
0.00756
0.00728
0.00705
0.00681
0.00659
0.00640
0.00623
0.00606
0.00593
0.00581
0.00570
0.00562
0.00556
0.00549
0.00546
0.00542
0.00541
0.00540
0.00541
0.00542
0.00546
0.00549
0.00555
0.00562
0.00570
0.00581
0.00593
0.00606
0.00623
0.00640
0.00659
0.00681
0.00705
0.00728
0.00756
0.00786
0.00816
0.00847
0.00911
0.00942
0.00972
0.01003
0.01034
0.01069
0.01095
0.01124
0.01149
0.01186
0.01208
0.01240
0.01279
0.01307
0.01341
0.01395
0.01423
0.01456
0.01499
0.01566
0.01602
0.01645
0.01690
0.01745
0.01840
0.01881
0.01931
0.01988
0.02049
0.02117
0.02207
0.02342
0.02415
0.02502
0.02602
0.02717
0.02848
0.02995
0.03158
0.03348
0.03575
0.03863
0.04235
0.04702
0.05261
0.05734
0.06237
0.06802
0.07416
0.08075
0.08773
0.09493
0.10229
# Column 2
0.10236
0.09505
0.08782
0.08088
0.07429
0.06814
0.06256
0.05745
0.05263
0.04704
0.04234
0.03865
0.03577
0.03348
0.03160
0.02997
0.02849
0.02718
0.02602
0.02502
0.02416
0.02343
0.02207
0.02117
0.02049
0.01988
0.01931
0.01881
0.01839
0.01745
0.01690
0.01645
0.01602
0.01566
0.01499
0.01456
0.01423
0.01395
0.01341
0.01307
0.01279
0.01240
0.01209
0.01187
0.01149
0.01124
0.01095
0.01069
0.01034
0.01003
0.00973
0.00942
0.00911
0.00847
0.00816
0.00786
0.00756
0.00728
0.00705
0.00681
0.00659
0.00640
0.00623
0.00606
0.00593
0.00581
0.00570
0.00562
0.00556
0.00549
0.00546
0.00542
0.00541
0.00540
0.00541
0.00542
0.00546
0.00549
0.00555
0.00562
0.00570
0.00581
0.00593
0.00606
0.00623
0.00640
0.00659
0.00681
0.00705
0.00728
0.00756
0.00786
0.00816
0.00847
0.00911
0.00942
0.00972
0.01003
0.01034
0.01069
0.01095
0.01124
0.01149
0.01186
0.01208
0.01240
0.01279
0.01307
0.01341
0.01395
0.01423
0.01456
0.01499
0.01566
0.01602
0.01645
0.01690
0.01745
0.01840
0.01881
0.01931
0.01988
0.02049
0.02117
0.02207
0.02342
0.02415
0.02502
0.02602
0.02717
0.02848
0.02995
0.03158
0.03348
0.03575
0.03863
0.04235
0.04702
0.05261
0.05734
0.06237
0.06802
0.07416
0.08075
0.08773
0.09493
0.10229
# Column 3
0.10236
0.09505
0.08782
0.08088
0.07429
0.06814
0.06256
0.05745
0.05263
0.04704
0.04234
0.03865
0.03577
0.03348
0.03160
0.02997
0.02849
0.02718
0.02602
0.02502
0.02416
0.02343
0.02207
0.02117
0.02049
0.01988
0.01931
0.01881
0.01839
0.01745
0.01690
0.01645
0.01602
0.01566
0.01499
0.01456
0.01423
0.01395
0.01341
0.01307
0.01279
0.01240
0.01209
0.01187
0.01149
0.01124
0.01095
0.01069
0.01034
0.01003
0.00973
0.00942
0.00911
0.00847
0.00816
0.00786
0.00756
0.00728
0.00705
0.00681
0.00659
0.00640
0.00623
0.00606
0.00593
0.00581
0.00570
0.00562
0.00556
0.00549
0.00546
0.00542
0.00541
0.00540
0.00541
0.00542
0.00546
0.00549
0.00555
0.00562
0.00570
0.00581
0.00593
0.00606
0.00623
0.00640
0.00659
0.00681
0.00705
0.00728
0.00756
0.00786
0.00816
0.00847
0.00911
0.00942
0.00972
0.01003
0.01034
0.01069
0.01095
0.01124
0.01149
0.01186
0.01208
0.01240
0.01279
0.01307
0.01341
0.01395
0.01423
0.01456
0.01499
0.01566
0.01602
0.01645
0.01690
0.01745
0.01840
0.01881
0.01931
0.01988
0.02049
0.02117
0.02207
0.02342
0.02415
0.02502
0.02602
0.02717
0.02848
0.02995
0.03158
0.03348
0.03575
0.03863
0.04235
0.04702
0.05261
0.05734
0.06237
0.06802
0.07416
0.08075
0.08773
0.09493
0.10229
# Column 4
0.10236
0.09505
0.08782
0.08088
0.07429
0.06814
0.06256
0.05745
0.05263
0.04704
0.04234
0.03865
0.03577
0.03348
0.03160
0.02997
0.02849
0.02718
0.02602
0.02502
0.02416
0.02343
0.02207
0.02117
0.02049
0.01988
0.01931
0.01881
0.01839
0.01745
0.01690
0.01645
0.01602
0.01566
0.01499
0.01456
0.01423
0.01395
0.01341
0.01307
0.01279
0.01240
0.01209
0.01187
0.01149
0.01124
0.01095
0.01069
0.01034
0.01003
0.00973
0.00942
0.00911
0.00847
0.00816
0.00786
0.00756
0.00728
0.00705
0.00681
0.00659
0.00640
0.00623
0.00606
0.00593
0.00581
0.00570
0.00562
0.00556
0.00549
0.00546
0.00542
0.00541
0.00540
0.00541
0.00542
0.00546
0.00549
0.00555
0.00562
0.00570
0.00581
0.00593
0.00606
0.00623
0.00640
0.00659
0.00681
0.00705
0.00728
0.00756
0.00786
0.00816
0.00847
0.00911
0.00942
0.00972
0.01003
0.01034
0.01069
0.01095
0.01124
0.01149
0.01186
0.01208
0.01240
0.01279
0.01307
0.01341
0.01395
0.01423
0.01456
0.01499
0.01566
0.01602
0.01645
0.01690
0.01745
0.01840
0.01881
0.01931
0.01988
0.02049
0.02117
0.02207
0.02342
0.02415
0.02502
0.02602
0.02717
0.02848
0.02995
0.03158
0.03348
0.03575
0.03863
0.04235
0.04702
0.05261
0.05734
0.06237
0.06802
0.07416
0.08075
0.08773
0.09493
0.10229
# Column 5
0.10236
0.09505
0.08782
0.08088
0.07429
0.06814
0.06256
0.05745
0.05263
0.04704
0.04234
0.03865
0.03577
0.03348
0.03160
0.02997
0.02849
0.02718
0.02602
0.02502
0.02416
0.02343
0.02207
0.02117
0.02049
0.01988
0.01931
0.01881
0.01839
0.01745
0.01690
0.01645
0.01602
0.01566
0.01499
0.01456
0.01423
0.01395
0.01341
0.01307
0.01279
0.01240
0.01209
0.01187
0.01149
0.01124
0.01095
0.01069
0.01034
0.01003
0.00973
0.00942
0.00911
0.00847
0.00816
0.00786
0.00756
0.00728
0.00705
0.00681
0.00659
0.00640
0.00623
0.00606
0.00593
0.00581
0.00570
0.00562
0.00556
0.00549
0.00546
0.00542
0.00541
0.00540
0.00541
0.00542
0.00546
0.00549
0.00555
0.00562
0.00570
0.00581
0.00593
0.00606
0.00623
0.00640
0.00659
0.00681
0.00705
0.00728
0.00756
0.00786
0.00816
0.00847
0.00911
0.00942
0.00972
0.01003
0.01034
0.01069
0.01095
0.01124
0.01149
0.01186
0.01208
0.01240
0.01279
0.01307
0.01341
0.01395
0.01423
0.01456
0.01499
0.01566
0.01602
0.01645
0.01690
0.01745
0.01840
0.01881
0.01931
0.01988
0.02049
0.02117
0.02207
0.02342
0.02415
0.02502
0.02602
0.02717
0.02848
0.02995
0.03158
0.03348
0.03575
0.03863
0.04235
0.04702
0.05261
0.05734
0.06237
0.06802
0.07416
0.08075
0.08773
0.09493
0.10229
# Column 6
0.10236
0.09505
0.08782
0.08088
0.07429
0.06814
0.06256
0.05745
0.05263
0.04704
0.04234
0.03865
0.03577
0.03348
0.03160
0.02997
0.02849
0.02718
0.02602
0.02502
0.02416
0.02343
0.02207
0.02117
0.02049
0.01988
0.01931
0.01881
0.01839
0.01745
0.01690
0.01645
0.01602
0.01566
0.01499
0.01456
0.01423
0.01395
0.01341
0.01307
0.01279
0.01240
0.01209
0.01187
0.01149
0.01124
0.01095
0.01069
0.01034
0.01003
0.00973
0.00942
0.00911
0.00847
0.00816
0.00786
0.00756
0.00728
0.00705
0.00681
0.00659
0.00640
0.00623
0.00606
0.00593
0.00581
0.00570
0.00562
0.00556
0.00549
0.00546
0.00542
0.00541
0.00540
0.00541
0.00542
0.00546
0.00549
0.00555
0.00562
0.00570
0.00581
0.00593
0.00606
0.00623
0.00640
0.00659
0.00681
0.00705
0.00728
0.00756
0.00786
0.00816
0.00847
0.00911
0.00942
0.00972
0.01003
0.01034
0.01069
0.01095
0.01124
0.01149
0.01186
0.01208
0.01240
0.01279
0.01307
0.01341
0.01395
0.01423
0.01456
0.01499
0.01566
0.01602
0.01645
0.01690
0.01745
0.01840
0.01881
0.01931
0.01988
0.02049
0.02117
0.02207
0.02342
0.02415
0.02502
0.02602
0.02717
0.02848
0.02995
0.03158
0.03348
0.03575
0.03863
0.04235
0.04702
0.05261
0.05734
0.06237
0.06802
0.07416
0.08075
0.08773
0.09493
0.10229