# Enter CL Alpha curve in the following format
# MACH NUMBER : 		0		0.1	 	0.2	 	0.5	 	1.0
# Alpha[rad]: 	-0.30	#		 #	 	 #		 #		 #
#				-0.20	#   	 #   	 #       #       #
#				-0.10	#   	 #   	 #       #       #
#				-0.00	#   	 #   	 #       #       #
#				 0.10	#   	 #   	 #       #       #
#				 0.20	#   	 #   	 #       #       #
# Table will be read independent of size. Then 2D Interpolation will be used.

# Enter Mach Number Breakpoint Number
4
# Enter breakpoints
0.0
0.25
0.5
0.75
# Enter alpha breakpoint Number
147
# Enter alpha breakpoints
-0.3229
-0.3185
-0.3142
-0.3098
-0.3054
-0.3011
-0.2967
-0.2923
-0.2880
-0.2836
-0.2793
-0.2749
-0.2705
-0.2662
-0.2618
-0.2574
-0.2531
-0.2487
-0.2443
-0.2400
-0.2356
-0.2313
-0.2269
-0.2225
-0.2182
-0.2138
-0.2094
-0.2051
-0.2007
-0.1963
-0.1920
-0.1876
-0.1833
-0.1789
-0.1745
-0.1702
-0.1658
-0.1614
-0.1571
-0.1527
-0.1484
-0.1440
-0.1396
-0.1353
-0.1309
-0.1265
-0.1222
-0.1178
-0.1134
-0.1091
-0.1047
-0.1004
-0.0960
-0.0873
-0.0829
-0.0785
-0.0742
-0.0698
-0.0654
-0.0611
-0.0567
-0.0524
-0.0480
-0.0436
-0.0393
-0.0349
-0.0305
-0.0262
-0.0218
-0.0175
-0.0131
-0.0087
-0.0044
      0
 0.0044
 0.0087
 0.0131
 0.0175
 0.0218
 0.0262
 0.0305
 0.0349
 0.0393
 0.0436
 0.0480
 0.0524
 0.0567
 0.0611
 0.0654
 0.0698
 0.0742
 0.0785
 0.0829
 0.0873
 0.0960
 0.1004
 0.1047
 0.1091
 0.1134
 0.1178
 0.1222
 0.1265
 0.1309
 0.1353
 0.1396
 0.1440
 0.1484
 0.1527
 0.1571
 0.1614
 0.1658
 0.1702
 0.1745
 0.1789
 0.1833
 0.1876
 0.1920
 0.1963
 0.2007
 0.2051
 0.2094
 0.2138
 0.2182
 0.2225
 0.2269
 0.2313
 0.2356
 0.2400
 0.2443
 0.2487
 0.2531
 0.2574
 0.2618
 0.2662
 0.2705
 0.2749
 0.2793
 0.2836
 0.2880
 0.2923
 0.2967
 0.3011
 0.3054
 0.3098
 0.3142
 0.3185
 0.3229
# Enter First Column : Repeat for all mach number breakpoints 
# [Note that this will be the array for MachBreakpoint1 and all alphas array]
# To increase readability seperate each vector with comment line starting with '#'
# Column 1
-1.2258 
-1.2456 
-1.2659
-1.2852
-1.3031
-1.3193
-1.3322
-1.3427
-1.3519
-1.3687
-1.3806
-1.3868
-1.3879
-1.3854
-1.3802
-1.3739
-1.3669
-1.3590
-1.3502
-1.3399
-1.3281
-1.3149
-1.3132
-1.3004
-1.2834
-1.2649
-1.2455
-1.2250
-1.2032
-1.1872
-1.1666
-1.1449
-1.1228
-1.1000
-1.0807
-1.0591
-1.0368
-1.0143
-0.9948
-0.9735
-0.9517
-0.9313
-0.9104
-0.8888
-0.8687
-0.8475
-0.8268
-0.7975
-0.7634
-0.7289
-0.6939
-0.6601
-0.6268
-0.5571
-0.5213
-0.4903
-0.4588
-0.4276
-0.4004
-0.3730
-0.3462
-0.3201
-0.2938
-0.2675
-0.2410
-0.2144
-0.1878
-0.1611
-0.1343
-0.1075
-0.0806
-0.0538
-0.0268
 0.0000
 0.0269
 0.0538
 0.0806
 0.1075
 0.1344
 0.1611
 0.1878
 0.2144
 0.2410
 0.2675
 0.2938
 0.3201
 0.3462
 0.3730
 0.4004
 0.4276
 0.4588
 0.4903
 0.5213
 0.5572
 0.6268
 0.6601
 0.6940
 0.7290
 0.7635
 0.7976
 0.8267
 0.8474
 0.8686
 0.8887
 0.9103
 0.9312
 0.9516
 0.9734
 0.9948
 1.0143
 1.0368
 1.0591
 1.0808
 1.1001
 1.1229
 1.1450
 1.1668
 1.1874
 1.2033
 1.2251
 1.2457
 1.2651
 1.2837
 1.3008
 1.3137
 1.3157
 1.3290
 1.3406
 1.3509
 1.3600
 1.3679
 1.3750
 1.3814
 1.3864
 1.3892
 1.3881
 1.3818
 1.3702
 1.3536
 1.3451
 1.3352
 1.3218
 1.3059
 1.2880
 1.2685
 1.2485
 1.2284
# Column 2
-1.2258
-1.2456 
-1.2659
-1.2852
-1.3031
-1.3193
-1.3322
-1.3427
-1.3519
-1.3687
-1.3806
-1.3868
-1.3879
-1.3854
-1.3802
-1.3739
-1.3669
-1.3590
-1.3502
-1.3399
-1.3281
-1.3149
-1.3132
-1.3004
-1.2834
-1.2649
-1.2455
-1.2250
-1.2032
-1.1872
-1.1666
-1.1449
-1.1228
-1.1000
-1.0807
-1.0591
-1.0368
-1.0143
-0.9948
-0.9735
-0.9517
-0.9313
-0.9104
-0.8888
-0.8687
-0.8475
-0.8268
-0.7975
-0.7634
-0.7289
-0.6939
-0.6601
-0.6268
-0.5571
-0.5213
-0.4903
-0.4588
-0.4276
-0.4004
-0.3730
-0.3462
-0.3201
-0.2938
-0.2675
-0.2410
-0.2144
-0.1878
-0.1611
-0.1343
-0.1075
-0.0806
-0.0538
-0.0268
 0.0000
 0.0269
 0.0538
 0.0806
 0.1075
 0.1344
 0.1611
 0.1878
 0.2144
 0.2410
 0.2675
 0.2938
 0.3201
 0.3462
 0.3730
 0.4004
 0.4276
 0.4588
 0.4903
 0.5213
 0.5572
 0.6268
 0.6601
 0.6940
 0.7290
 0.7635
 0.7976
 0.8267
 0.8474
 0.8686
 0.8887
 0.9103
 0.9312
 0.9516
 0.9734
 0.9948
 1.0143
 1.0368
 1.0591
 1.0808
 1.1001
 1.1229
 1.1450
 1.1668
 1.1874
 1.2033
 1.2251
 1.2457
 1.2651
 1.2837
 1.3008
 1.3137
 1.3157
 1.3290
 1.3406
 1.3509
 1.3600
 1.3679
 1.3750
 1.3814
 1.3864
 1.3892
 1.3881
 1.3818
 1.3702
 1.3536
 1.3451
 1.3352
 1.3218
 1.3059
 1.2880
 1.2685
 1.2485
 1.2284
# Column 3
-1.2258
-1.2456
-1.2659
-1.2852
-1.3031
-1.3193
-1.3322
-1.3427
-1.3519
-1.3687
-1.3806
-1.3868
-1.3879
-1.3854
-1.3802
-1.3739
-1.3669
-1.3590
-1.3502
-1.3399
-1.3281
-1.3149
-1.3132
-1.3004
-1.2834
-1.2649
-1.2455
-1.2250
-1.2032
-1.1872
-1.1666
-1.1449
-1.1228
-1.1000
-1.0807
-1.0591
-1.0368
-1.0143
-0.9948
-0.9735
-0.9517
-0.9313
-0.9104
-0.8888
-0.8687
-0.8475
-0.8268
-0.7975
-0.7634
-0.7289
-0.6939
-0.6601
-0.6268
-0.5571
-0.5213
-0.4903
-0.4588
-0.4276
-0.4004
-0.3730
-0.3462
-0.3201
-0.2938
-0.2675
-0.2410
-0.2144
-0.1878
-0.1611
-0.1343
-0.1075
-0.0806
-0.0538
-0.0268
 0.0000
 0.0269
 0.0538
 0.0806
 0.1075
 0.1344
 0.1611
 0.1878
 0.2144
 0.2410
 0.2675
 0.2938
 0.3201
 0.3462
 0.3730
 0.4004
 0.4276
 0.4588
 0.4903
 0.5213
 0.5572
 0.6268
 0.6601
 0.6940
 0.7290
 0.7635
 0.7976
 0.8267
 0.8474
 0.8686
 0.8887
 0.9103
 0.9312
 0.9516
 0.9734
 0.9948
 1.0143
 1.0368
 1.0591
 1.0808
 1.1001
 1.1229
 1.1450
 1.1668
 1.1874
 1.2033
 1.2251
 1.2457
 1.2651
 1.2837
 1.3008
 1.3137
 1.3157
 1.3290
 1.3406
 1.3509
 1.3600
 1.3679
 1.3750
 1.3814
 1.3864
 1.3892
 1.3881
 1.3818
 1.3702
 1.3536
 1.3451
 1.3352
 1.3218
 1.3059
 1.2880
 1.2685
 1.2485
 1.2284
# Column 4
-1.2258
-1.2456
-1.2659
-1.2852
-1.3031
-1.3193
-1.3322
-1.3427
-1.3519
-1.3687
-1.3806
-1.3868
-1.3879
-1.3854
-1.3802
-1.3739
-1.3669
-1.3590
-1.3502
-1.3399
-1.3281
-1.3149
-1.3132
-1.3004
-1.2834
-1.2649
-1.2455
-1.2250
-1.2032
-1.1872
-1.1666
-1.1449
-1.1228
-1.1000
-1.0807
-1.0591
-1.0368
-1.0143
-0.9948
-0.9735
-0.9517
-0.9313
-0.9104
-0.8888
-0.8687
-0.8475
-0.8268
-0.7975
-0.7634
-0.7289
-0.6939
-0.6601
-0.6268
-0.5571
-0.5213
-0.4903
-0.4588
-0.4276
-0.4004
-0.3730
-0.3462
-0.3201
-0.2938
-0.2675
-0.2410
-0.2144
-0.1878
-0.1611
-0.1343
-0.1075
-0.0806
-0.0538
-0.0268
 0.0000
 0.0269
 0.0538
 0.0806
 0.1075
 0.1344
 0.1611
 0.1878
 0.2144
 0.2410
 0.2675
 0.2938
 0.3201
 0.3462
 0.3730
 0.4004
 0.4276
 0.4588
 0.4903
 0.5213
 0.5572
 0.6268
 0.6601
 0.6940
 0.7290
 0.7635
 0.7976
 0.8267
 0.8474
 0.8686
 0.8887
 0.9103
 0.9312
 0.9516
 0.9734
 0.9948
 1.0143
 1.0368
 1.0591
 1.0808
 1.1001
 1.1229
 1.1450
 1.1668
 1.1874
 1.2033
 1.2251
 1.2457
 1.2651
 1.2837
 1.3008
 1.3137
 1.3157
 1.3290
 1.3406
 1.3509
 1.3600
 1.3679
 1.3750
 1.3814
 1.3864
 1.3892
 1.3881
 1.3818
 1.3702
 1.3536
 1.3451
 1.3352
 1.3218
 1.3059
 1.2880
 1.2685
 1.2485
 1.2284